자릿 수: 1
이전 수: 
넣을 수: 0

0 10 10 10 10 10 10 10 10 10
1 10 10 10 10 10 10 10 10 10
2 10 10 10 10 10 10 10 10 10
3 10 10 10 10 10 10 10 10 10
4 10 10 10 10 10 10 10 10 10
5 10 10 10 10 10 10 10 10 10
6 10 10 10 10 10 10 10 10 10
7 10 10 10 10 10 10 10 10 10
8 10 10 10 10 10 10 10 10 10
9 10 10 10 10 10 10 10 10 10

0 1 10 10 10 10 10 10 10 10

0 2 10 10 10 10 10 10 10 10
1 2 10 10 10 10 10 10 10 10

0 3 10 10 10 10 10 10 10 10
1 3 10 10 10 10 10 10 10 10
2 3 10 10 10 10 10 10 10 10

0 4 10 10 10 10 10 10 10 10
1 4 10 10 10 10 10 10 10 10
2 4 10 10 10 10 10 10 10 10
3 4 10 10 10 10 10 10 10 10

4 5 7 9 10 10 10 10 10 10
0 6 7 9 10 10 10 10 10 10
0 1 8 9

...
5 6 7 9 10 10 10 10 10 10