30
0 1
1 1
||||||||||||||||||1
0 2
1 1
1 2
||||||||||||||||||2
0 3
1 1
1 2
1 3
||||||||||||||||||3
0 4
1 1
2 3
1 4
||||||||||||||||||3
0 5
1 1
2 3
1 4
1 5
||||||||||||||||||4
0 6
1 1
2 3
2 5
1 6
||||||||||||||||||4
0 7
1 1
2 3
2 5
1 6
1 7
||||||||||||||||||5
0 8
1 1
2 3
2 5
2 7
1 8
||||||||||||||||||5
0 9
1 1
2 3
3 6
2 8
1 9
||||||||||||||||||5
0 10
1 1
2 3
3 6
2 8
1 9
1 10
||||||||||||||||||6
0 11
1 1
2 3
3 6
2 8
2 10
1 11
||||||||||||||||||6
0 12
1 1
2 3
3 6
3 9
2 11
1 12
||||||||||||||||||6
0 13
1 1
2 3
3 6
3 9
2 11
1 12
1 13
||||||||||||||||||7
0 14
1 1
2 3
3 6
3 9
2 11
2 13
1 14
||||||||||||||||||7
0 15
1 1
2 3
3 6
3 9
3 12
2 14
1 15
||||||||||||||||||7
0 16
1 1
2 3
3 6
4 10
3 13
2 15
1 16
||||||||||||||||||7
0 17
1 1
2 3
3 6
4 10
3 13
2 15
1 16
1 17
||||||||||||||||||8
0 18
1 1
2 3
3 6
4 10
3 13
2 15
2 17
1 18
||||||||||||||||||8
0   
19
1 1
2 3
3 6
4 10
3 13
3 16
2 18
1 19
||||||||||||||||||8
0 20
1 1
2 3
3 6
4 10
4 14
3 17
2 19
1 20
||||||||||||||||||8
0 21
1 1
2 3
3 6
4 10
4 14
3 17
2 19
1 20
1 21
||||||||||||||||||9
0 22
1 1
2 3
3 6
4 10
4 14
3 17
2 19
2 21
1 22
||||||||||||||||||9
0 23
1 1
2 3
3 6
4 10
4 14
3 17
3 20
2 22
1 23
||||||||||||||||||9
0 24
1 1
2 3
3 6
4 10
4 14
4 18
3 21
2 23
1 24
||||||||||||||||||9
0 25
1 1
2 3
3 6
4 10
5 15
4 19
3 22
2 24
1 25
||||||||||||||||||9
0 26
1 1
2 3
3 6
4 10
5 15
4 19
3 22
2 24
1 25
1 26
||||||||||||||||||10
0 27
1 1
2 3
3 6
4 10
5 15
4 19
3 22
2 24
2 26
1 27
||||||||||||||||||10
0 28
1 1
2 3
3 6
4 10
5 15
4 19
3 22
3 25
2 27
1 28
||||||||||||||||||10
0 29
1 1
2 3
3 6
4 10
5 15
4 19
4 23
3 26
2 28
1 29
||||||||||||||||||10